maxLong: 9223372036854776000
minLong: -9223372036854776000
maxInt: 2147483647
minInt: -2147483648
veryLargeDouble: 1.7976931348623157e+308
largeNegativeDouble: -1.7976931348623157e+308
almostMaxLong: 9223372036854776000
nearZero: 0